1001
1002
1003
1004
1005
1006
1007
1008
1009
1010
1201
1202
1203
1204
1205
1206
1207
1208
1209
1210
2001
2002
2003
2004
2005
2006
2007
2008
2009
2010
2201
2202
2203
2204
2205
2206
2207
2208
2209
2210
3001
3002
3003
3004
3005
3006
3007
3008
3009
3010
3201
3202
3203
3204
3205
3206
3207
3208
3209
3210
4001
4002
4003
4004
4005
4006
4007
4008
4009
4010
4201
4202
4203
4204
4205
4206
4207
4208
4209
4210
5001
5002
5003
5004
5005
5006
5007
5008
5009
5010
5201
5202
5203
5204
5205
5206
5207
5208
5209
5210
6001
6002
6003
6004
6005
6006
6007
6008
6009
6010
6201
6202
6203
6204
6205
6206
6207
6208
6209
6210
7001
7002
7003
7004
7005
7006
7007
7008
7009
7010
7201
7202
7203
7204
7205
7206
7207
7208
7209
7210
8001
8002
8003
8004
8005
8006
8007
8008
8009
8010
8201
8202
8203
8204
8205
8206
8207
8208
8209
8210
